# 3D point list with one line of data per point:
#   POINT3D_ID, X, Y, Z, R, G, B, ERROR, TRACK[] as (IMAGE_ID, POINT2D_IDX)
# Number of points: 635, mean track length: 2.7417322834645668
684 -14.746758009407165 -0.3268627217403101 52.39021711101163 120 142 143 2.3395116877905795 4 2196 3 1299
683 -13.488263956615102 -1.5868226790367022 55.598828736843764 111 125 136 3.0775486469493796 1 436 3 258
682 -9.327746440726598 1.3729730573785235 29.520459940407918 111 95 102 1.977041567516355 4 1696 1 1306 3 863 4 1916 2 1137
681 -26.218521128086746 -12.211025621142335 35.65400652633063 59 77 81 0.34218413011615006 4 2023 3 3323 1 2536
680 -28.747430166612983 6.215049485926037 31.65477082458955 113 123 132 0.36877770826788325 1 2861 3 3005
679 -11.126602215186708 4.506162623540943 30.524232318699077 146 172 181 2.836254386659532 2 1172 3 2981
678 -26.205981982295707 2.997210043314742 40.70356458959753 135 157 171 1.4939443627615032 1 1534 4 1825 3 2912
677 -27.20298422662517 -12.383191427134799 34.535468914978004 54 63 74 0.6022696594873076 1 2541 4 1997 3 2891
676 -24.499835713965066 -12.772182459384497 37.07199001060853 93 112 126 0.675191487179728 1 2507 3 2889 4 1281
675 -27.011719259240614 -12.486903859792431 34.89246456846642 47 64 74 0.6411376106123493 4 2005 3 2887 1 2802
674 -27.807972337818764 -12.394224638656091 34.17424899922607 54 65 68 1.264834655297837 1 1415 4 1265 3 2885
673 -26.96015476910908 -12.570812112665397 34.874659350402 139 158 134 0.3431729743281498 1 2182 4 2000 3 2881
672 -25.70530369304371 -7.253657775059977 39.5448147918991 113 146 163 2.574294590671773 1 3063 3 2873
671 -15.11852590252002 -9.45239388193143 50.09500894340897 116 72 89 0.5515291582662537 4 2838 3 2866
670 -26.18479867884718 -12.260723317632696 35.3964984424537 58 68 78 0.3222977049101667 1 2605 4 2848 3 2860
669 -27.36189048791767 -12.217475147884102 34.75136269109969 59 83 58 0.44756382371898623 4 2017 3 2858 1 2610
668 -26.80841341420856 -12.873477958898528 34.786464128649015 55 65 59 0.3839937711043391 1 2342 4 2512 3 2853
667 -26.998885512517024 -12.887840621749236 34.73353945927248 52 59 47 0.5668976926860723 1 2791 4 2516 3 2852
666 -27.89474584096526 -12.800046300300792 33.99471766862968 61 58 51 0.7213435226726993 1 2795 4 2525 3 2848
665 -26.174963068235648 -13.115030646689872 35.431830940014876 65 79 90 0.3564566815401881 1 2339 4 2520 3 2839
664 -20.397564172333713 -13.970995737878518 40.90933774904693 174 191 184 1.5027172483961049 1 2813 4 3005 3 2837
663 -26.819391987087545 -12.579232299033047 34.95953746944569 133 146 123 0.2654193660093246 1 2534 4 1291 3 2825
662 -26.86641429777733 -12.637632772711584 34.88576096517575 66 70 26 0.39814050151242725 1 2801 4 2006 3 2820
661 -26.99764929226166 -12.626051406944777 34.780292719095875 66 78 40 0.34666582623865666 1 2811 4 2007 3 2819
660 -27.893090492642308 -12.576807356136891 34.04634506271436 134 146 111 0.8960951627195234 1 2528 4 2012 3 2816
659 -26.599778148789525 -12.82556571857164 35.079566373838 136 150 122 0.4339989958829349 1 2544 4 1261 3 2809
658 -26.949332212688486 -12.714875453774065 34.83314838146481 135 163 116 0.2258488729039474 1 2516 4 2010 3 2802
657 -58.57688288828898 -16.013816560505983 43.40962282642032 239 248 252 2.0333526649331115 1 2594 3 2745
656 -11.802342778163558 -11.484679378560624 28.16598154925847 99 91 103 0.38420074363622525 1 1524 3 2665
655 -26.058949234666404 -13.999758487595235 34.874325599735904 95 107 121 0.38953544717896915 1 2730 4 2548 3 2593
654 -29.015475690536178 -13.694408969013713 31.998164858818672 99 113 122 0.6263488866778338 1 2761 3 2591
653 -29.74819809806313 -14.11265846091289 32.493226975062356 123 137 146 2.520968039926024 4 1397 3 2587
652 -23.307207729866935 -11.896665608247192 28.304982272366843 121 135 144 0.4385066305181252 1 2319 3 2585
651 -17.72810589826524 -15.518594529687793 43.47350575787359 82 87 104 0.2978967603916601 1 2851 4 2530 3 2583
650 -24.228634858414715 -14.322789484581646 35.8789413177124 131 143 157 0.17764631413180765 1 2123 4 1455 3 2582
649 -17.37498785377731 -15.518299776086856 43.460749524595094 118 132 145 0.5367231308894671 4 2529 3 2580 1 2359
648 -47.52070531288377 -20.620499444229445 48.64440885450006 134 148 161 1.4981345483876236 1 1402 3 2560
647 -24.409485840421635 -14.120462886462523 36.640800776134206 74 83 100 0.4983380753590554 1 2823 4 2498 3 2553
646 -25.014105721745977 -13.687747963204028 35.869169822742634 97 106 121 0.517993035570471 1 2360 4 1465 3 2510
645 -26.362936131653633 -12.82938147314457 35.214963349995514 136 146 115 0.4757302554640858 1 2561 4 1258 3 2479
644 -27.459528029659474 -12.803629353811672 34.31651186334123 53 62 53 0.5230402285613989 1 1395 4 1266 3 2469
643 -23.817926611355723 -14.401381387688831 35.58517110999993 105 117 129 0.4097998119120286 1 2320 4 1515 3 2456
642 -26.611289189066945 -12.627510961011136 35.12920125891231 129 152 108 0.35213398128249523 1 2533 4 1290 3 2453
641 -25.202276596576432 -13.503843695336734 33.840810842362636 127 140 157 1.2810206165481695 1 2347 4 2389 3 2442
640 -25.38251389590148 -13.925731467046317 35.08367054197287 104 114 127 0.5654291791203091 1 1401 4 2539 3 2436
639 -28.78520901537783 -12.147368649184855 33.089604879104066 114 120 131 1.2705527636480771 1 1416 3 2418
636 -8.59730306490788 0.05598720043388955 29.767849600381762 144 160 175 0.8430536414860895 2 1274 4 3337 3 2260
635 -30.127535214071504 -3.6532546577516247 34.66403871620963 168 185 205 1.0190608553860538 1 2040 4 1325 3 2154
634 -3.542809205367664 8.425096898107013 32.65652855295762 132 150 164 0.991144928061954 1 804 3 2139
633 -21.350290783826736 8.095118990911276 58.390317077887254 0 0 0 1.2666931951172598 1 2862 4 2343
632 -19.6200176230134 -18.82939655735303 62.919834191352294 88 100 116 1.3445470813154148 1 2457 3 1986
631 -36.58209781421786 -0.19365054145429633 46.59530150277266 99 107 118 0.7786264998013106 1 2079 3 1893 4 1741
630 -16.972895744553906 -8.201878718243353 49.82575377981346 120 131 136 0.01617220917708066 1 657 3 1876
629 -29.691175124026906 1.751185096732825 36.36289450584441 133 155 164 1.3827442517682775 1 772 3 1806
628 -29.990682969456785 -3.2944494973837157 34.64939159257017 161 183 196 0.2737325479426861 1 1855 3 1748
627 0.5618587682677278 4.073265420978934 9.307346145239583 163 180 171 1.1477192263448814 4 1617 3 1646
626 -8.739813982519328 0.9054258275740953 29.62139732617403 153 175 189 0.6106995278159612 1 1900 4 1904 3 1609
625 -10.022301304485222 4.256778830034789 30.24132004681935 53 28 75 0.46556335639336544 1 1693 2 1122 3 1591
624 -12.015573164393277 4.379243553868138 29.591242038297107 156 165 168 1.5550227713297708 1 1177 4 1773 3 1579
623 -26.512374753708357 -12.746052828459653 35.18643639963012 58 68 76 0.45490309360385456 1 1420 4 957 3 1571
622 -26.271179627460583 -12.896127271602856 35.30684468802359 60 60 74 0.480867187997924 1 1105 4 965 3 1567
621 -28.11529820635131 -12.760965946106912 33.95236060508626 62 64 67 0.9782420673953641 1 1103 4 685 3 1565
620 -27.26490895104004 -12.292806692600951 34.639839125478225 143 159 121 0.4293039958700479 1 1412 3 1526 4 887
619 -26.75408401292321 -12.560275702168106 35.09611712225708 51 68 75 0.44006012831436636 1 1404 4 971 3 1518
618 -26.422622341862247 -12.659524039270304 35.301601983733505 136 159 109 0.30281660225255735 1 1417 4 1288 3 1517
616 -14.480383990461196 -0.1503056681544562 53.78522449621288 124 138 151 1.8278216363867177 4 3299 3 1303 1 2086
615 -9.821050854144664 5.623162028181967 32.09425373976855 154 173 185 2.5939358340751015 1 760 3 1223
614 -27.626563415697994 -12.54021316058675 34.336726220890895 51 55 63 0.658268398196339 1 693 4 496 3 1190
613 -27.75483881418837 -12.376268499326988 33.71111531316928 45 57 76 0.713538133271975 1 1179 3 1189
612 -26.677686049196648 -12.831226681887252 34.940423472011865 62 64 66 0.31892015334502655 4 682 3 1188 1 689
611 -25.131032909817723 -13.81851318252772 35.79525898147396 108 125 135 1.080601607714255 1 1095 4 635 3 1137
610 -25.725441725361282 -13.740758368025297 35.231509419982906 116 127 135 0.3887223479428212 1 1094 4 995 3 1136
609 -29.0759632155207 -13.41232572602763 31.928407720984772 126 126 140 0.41300406055646666 1 1633 3 1134
608 -35.22331905541197 -2.2939367679173066 29.802830934674862 133 79 79 0.25989523540121007 1 834 3 1085
607 -11.290529029563244 -3.469118865309187 27.79169535459828 187 210 224 1.2783988851950476 1 826 4 1101 3 1013
606 -28.186734331058144 -13.967788965397624 33.2898031710661 125 138 147 2.4171173026767425 1 519 4 468 3 1001
605 -31.37797214078001 2.012569457629774 33.58483364673798 138 156 167 0.755175090456107 1 551 3 877
604 -26.03835346663752 8.45257665466891 25.62410396780187 116 114 122 0.21174509606580272 1 766 3 860
603 -9.415858617188766 1.0721949835925837 29.52451967482776 108 98 114 1.7331363189786888 1 398 2 757 3 772
602 -29.965877629930702 -3.5052888370464106 34.79502592293893 108 124 139 0.7365611715494164 1 589 4 383 3 724
601 -22.165249543074257 -16.329309979632757 52.61457407179142 90 103 109 0.13942167905334357 4 443 3 695
600 -19.16126379082504 -18.423612115960335 60.0623866944229 90 104 113 2.1140199017195127 1 743 4 670 3 690
599 -26.904096875636046 -12.662716788239813 34.80436717781771 137 155 106 0.45358746669353994 1 356 4 310 3 689
598 -27.384020308183814 -12.628031018975486 34.47520617345386 140 154 69 0.63129557425836 1 462 4 308 3 688
597 -27.878100954598803 -12.588077643152877 34.150192400587166 122 130 79 0.8569911493125945 1 370 3 687 4 307
596 -27.137986438806365 -12.835729151208072 34.57397069655312 60 64 74 0.7017405922814772 1 369 4 311 3 686
595 -19.43483232847656 -14.983341011648067 41.79003723495242 73 72 96 0.545504206515621 1 513 4 498 3 639
594 -25.362615943016355 -13.94297311371167 35.28216875903138 84 90 100 0.3517662967247855 1 517 4 504 3 638
593 3.61914569465453 -0.645561031821317 6.327063307774191 131 151 162 1.719857479277326 1 634 3 621
591 -19.334113834522793 -14.45398482041159 36.900601199815185 117 129 141 0.925810437058954 1 279 4 322 3 443
590 -25.893044207589202 -13.87919488657272 34.97515480140771 81 91 102 0.13375400060410111 1 363 4 195 3 435
589 -20.89969093702052 -14.5571035679142 40.103547692156155 84 96 108 0.7139788281755294 1 514 3 380 4 687
588 -33.365579376712205 5.875036545792702 35.585896148630034 135 145 157 1.2302260955691722 1 241 4 208 3 362
587 -34.46978685984072 -1.4567837327340505 46.469401754590145 78 83 98 1.1690304714829618 1 301 3 339 4 230
585 -12.842703448532657 2.3404313571349973 29.718550343076455 117 113 117 2.038429325713495 1 111 3 254
584 -25.3694756406691 -12.946719834510281 36.27519265942304 87 96 113 0.5842221552139039 1 224 4 143 3 219
583 -27.980897461952296 -12.584610289957382 33.586558387402555 77 77 80 0.8241268402581859 1 187 4 170 3 216
582 -25.88726127164935 -13.32869258952064 35.44123728856013 131 143 157 0.783558124295463 1 222 4 175 3 212
581 -31.384784697376308 2.3237736078063964 33.997737283749125 145 162 165 0.40175788341335383 1 106 3 203
580 -34.97837615831526 0.6381632692063213 47.16394798038318 81 90 105 0.5506381725434086 1 141 3 201
579 -25.916471553927906 4.05664288084389 42.78266927870574 111 112 116 1.0939003184139606 1 168 3 190
578 -30.77588208396855 -3.2199621602746302 33.215616241414956 141 79 80 1.1301546454568219 1 90 3 151
577 -16.339083676486798 -15.13776360625248 46.39267416442904 74 79 96 2.2316191859507724 1 225 3 150
576 -14.136903565323927 -0.19425470191020755 53.818696788606744 121 137 152 0.9526020227787608 1 230 4 204 3 142
575 -13.68555246417347 0.2829227599046345 54.77959199856493 120 68 72 1.0322816257710252 1 232 4 222 3 140
574 -16.8244836579043 -15.763414781843503 45.06724286890836 119 126 142 0.2420018101399314 1 153 4 144 3 127
573 -36.052654895757286 3.536725075062697 45.14215166157365 143 157 166 0.7534788834216705 4 82 3 116
572 -73.64754343232975 8.261920323872426 56.336358417888945 172 198 213 0.20115960318032836 1 113 3 107
571 -26.125781734131174 -12.453247537134628 35.05106679866918 55 68 75 0.6531213018251868 1 120 3 89 4 67
570 -29.69036975895871 0.11942246825225175 35.193314883685154 165 188 202 0.263890306905734 1 45 3 61
569 -31.249688899485804 3.0852711999596387 36.86321443707405 161 178 194 1.908957064471785 1 11 4 10 3 12
568 -32.845709079015826 -0.2620470802565858 42.24611858096309 92 104 116 1.6060088757276996 1 16 4 18 3 6
567 7.858512478975531 9.243360934897373 29.967089875552954 170 190 197 0.25687671849411614 2 236 1 173
566 -10.033038873857864 3.941450638470775 30.16282243572674 130 147 159 0.5430447613794102 4 3533 2 3093
564 -4.031814965111982 9.21342907309951 28.82585771923824 162 185 185 0.3729316178018588 4 1026 2 1476
563 -17.633895432952297 -17.552229853086182 54.2086134032442 59 71 85 0.8876304752866568 2 1443 1 2538 3 2508
561 -10.054593624452625 -6.259594538074582 27.652433016893028 63 54 70 0.16213351382177787 4 462 2 307
560 10.778489822130894 -15.04236886256075 44.062271670543915 144 160 173 1.6199943554436873 4 68 2 94
559 -11.03124756701436 6.900148963055446 31.084473434736655 148 167 174 2.054408169687415 4 31 2 16
558 -8.965491756474018 1.5469828189897057 29.517144732880947 144 158 166 1.2932495466810239 4 3192 2 3237
557 -4.422496943334305 6.406101016774076 39.88019023907033 167 187 194 0.10082123238221594 4 3221 2 3227
556 -9.556079825772649 7.838096051838261 30.819700315919658 153 163 160 0.31426429299562336 1 2981 2 3134 3 3302
555 -10.097019048378307 1.6811938767959165 28.511540382872713 152 132 144 0.8131034525660402 4 2267 2 3120 3 2309
554 -8.758591951507196 3.8061676465632073 30.877900779054475 166 196 206 1.1418604083227486 4 3281 2 3101 3 2291
552 -9.598838295685983 7.366570043148839 30.97514494350618 74 96 110 0.3829714468359815 1 2891 2 3040 3 3278
551 -11.890649854468828 4.407703721330595 29.737629711796743 117 120 121 2.407671352275021 1 2883 2 2979 3 2283
549 -4.084592714389935 -3.647096895301552 60.5863473535647 55 71 87 1.47138871730622 1 3049 2 2828 4 2181
548 23.02393010482062 1.3818887287758572 45.7692013697606 107 138 148 1.597714579697953 4 3448 2 2746
547 12.374280255242857 1.3659796318016162 61.16488479094928 164 182 189 2.4917282226253503 1 1923 2 2721
255 -9.654484714108731 7.247804363595121 31.077923960384627 64 57 78 0.25600875317465055 4 1595 1 1711 2 1696 3 1676
254 -9.184045347780106 7.286757131466824 31.048036525747847 170 201 199 1.5247614066735458 4 1594 1 1706 2 771 3 1681
253 -9.387218480901211 7.348387432189408 31.09492550689266 58 78 110 0.5827304136960734 4 1593 1 1704 2 1697 3 1665
252 1.735352390416689 7.791701838327253 34.51590833935568 162 175 184 1.0434298452468314 1 1150 2 1686 4 1592
251 0.7913434865121106 7.870350339183648 33.750183228136464 171 190 192 0.29873563779870715 4 1587 1 2277
250 -11.942933590257335 7.495437485504682 29.507483028070922 98 113 123 1.3356074962331768 4 1583 1 1702 2 1042 3 3267
249 -11.791486064168838 7.52185861418201 29.661346998470233 47 47 76 0.22872984259458204 4 1582 1 1700 2 1040
248 -11.176755261737494 4.558085867640099 29.93712477329405 113 104 109 0.8261895487578058 4 1574 1 2233 2 1755 3 1588
247 -10.477616192785694 5.434604519327201 31.02126611966053 144 163 170 1.2420207663954954 4 1571 1 1685 2 1733
246 -2.8058300146854154 7.4630398083443295 34.854420159223956 167 184 192 1.1043294290346417 4 1569 1 2208 2 1683
245 -1.1941341207991356 7.160110376335975 36.67019829300975 158 179 186 0.5411195553729471 4 1565 1 2896
244 -1.1784877718052202 7.986099180158988 29.071313579308107 154 94 120 1.4987990705812146 4 1557 1 1767
243 5.811798121431128 8.53455046275944 32.267479065357485 155 172 182 0.2616344424476357 4 1556 1 1216
242 -2.1459485101943754 8.31676420518956 28.42754442783538 151 93 120 1.4355116851674918 4 1547 1 1160
241 -2.7748144550494356 8.946070144344322 30.529537638676953 160 176 184 0.8462851705825277 4 1545 1 1760
240 -2.452997816678048 8.937751824034036 30.28625897442951 162 182 186 0.7443435593462555 4 1544 1 1757
239 7.221473736518349 8.930480300263987 30.772227719309697 161 176 191 0.026590093013552474 4 1541 1 2137
237 -11.693051184068953 7.808931536499222 30.482378335985366 151 167 166 1.0458578211749747 4 1539 1 1141 3 926
236 -9.489993247803392 7.9055541774231735 30.81744539050175 50 38 66 0.39772774936604965 4 1537 1 2267 2 1035
235 -11.869299979136597 7.7582709937553345 29.37817878781797 185 219 208 0.6193247389785627 4 1535 1 1656 2 1051 3 2090
234 5.240579327700254 8.458859562688168 32.047040224846704 171 177 152 0.583377359152285 1 1214 2 2952 4 1530
233 -8.186622814677307 8.27795182530772 30.81210932654676 145 164 166 0.9708561255796232 4 1527 1 1643 3 1650
232 -9.163213289444364 8.30039360535105 30.47724802999821 140 155 164 0.8391145178680187 4 1526 1 1644 3 1693
231 5.183039965614634 8.425895457181495 32.33767220082594 140 105 131 0.21164956353797237 4 1522 1 1174
230 -8.153441964637882 -16.821061628203786 45.59095120770518 94 87 91 1.6498246568370134 4 1481 1 1630
229 -19.439868367081374 -14.932394272120806 39.18930754779839 114 134 141 1.2242146221612273 4 1477 1 2191
228 -19.239589782993942 -14.796602794169138 37.736520263485225 117 137 144 0.9687301103791139 4 1461 1 2313
227 -18.947541592598526 -14.757548330138441 37.93136008367999 100 119 126 0.8013921642106016 4 1452 1 1600
226 -10.46548930545317 7.592283045949156 31.44210024138084 154 172 176 0.9232094004700693 4 1438 1 765
225 -9.085322742105534 -5.926465463098007 27.79095362652918 66 61 79 0.5375996436454529 4 1413 1 1438 2 924 3 1355
223 -8.584764089722391 -3.9690044910490565 29.642326523223748 159 183 191 0.31159393548876835 4 1410 1 1270 2 1255
222 -9.454317665500506 -5.28161624226709 27.587178346985116 87 70 76 0.6773169939381997 4 1364 1 1431 2 917 3 1327
221 -9.241927083548715 -5.30934077658712 27.7939914710276 86 66 78 0.6586853417628713 4 1363 1 954 2 930 3 1119
220 -9.725576996124223 -6.252518799888044 27.361572822058537 89 74 78 0.6466147748626224 4 1356 1 1492 3 1346
219 -21.385498997258793 -7.793560397188381 41.15990024061078 169 187 197 1.2505691527104439 4 1352 1 1432 3 2011
218 -21.25474343573855 -7.524338560777039 40.6954419843763 123 152 158 0.1958614029760341 4 1351 1 2429
217 -21.57833524564053 -7.483472758755482 40.48051010306217 127 156 160 0.297730788512908 4 1350 1 2046
216 -23.170218294645625 -7.142183669499661 38.6390989320367 125 145 156 0.009528077048230301 4 1349 1 2171
215 -22.244709891397886 -7.033880810983039 38.71552645039268 164 192 196 0.9161875575028502 4 1348 1 1532
214 -21.273973035633507 -7.731180573626529 40.71285057014797 140 159 169 2.314833828242988 4 1347 1 3074
213 -11.097118026615828 -2.8461747692719985 27.909030289199276 141 166 171 0.8519144774901551 4 1346 1 1858 2 855 3 1696
212 -9.142135220862084 -6.20574465735522 27.844476497376462 135 128 124 0.21237410182289695 4 1345 1 1482
211 -9.043190378497485 -6.202350248543086 27.925802345277546 122 112 116 0.6769227384665282 4 1344 1 963 2 1423
209 -9.580865370171571 -5.921457290848502 27.47249524338122 63 60 70 0.647379868422024 4 1340 1 1439 2 1429 3 1354
208 -9.25002334478788 -5.648329415771361 27.687783116431852 144 131 133 0.36213792140227846 4 1337 1 1334 2 648
207 -9.348747725729295 -5.519826117422421 27.58643951386817 104 88 91 0.6423741412967543 4 1335 1 1434 2 1893 3 1361
206 -9.413975466017572 -5.4026820649418275 27.578941521018365 142 127 127 0.7094545893491895 4 1334 1 953 2 647 3 1121
205 -8.782871542718865 -3.890428841602493 29.301528876908552 139 159 168 0.45304639247071893 4 1328 1 1274 2 964 3 1090
204 -9.578905185314685 -3.732181653131491 28.581075717897228 184 209 211 0.5951525227853194 4 1323 1 3035
203 -11.098719772526477 -3.6022471674475196 27.720804517756243 157 182 189 1.037527951889805 4 1321 1 1833 2 1261 3 1425
202 -23.472703650580065 -7.067635285146961 38.95356360499059 167 187 196 1.3593922403639318 4 1320 1 2052 3 2020
201 -11.356807396920725 -3.4002810002208492 27.5853392393715 159 194 196 0.5490249454802337 4 1316 1 1828
200 -9.542344728433694 -3.3959568150987556 28.578783822175783 183 212 218 0.3946918483754897 4 1315 1 1827 2 986 3 1080
199 -22.325459560120596 -7.14577913141808 40.16115737547588 130 169 170 0.8868866469768548 4 1309 1 2054 3 2028
198 -22.814008964997683 -7.033684514103588 39.6058209361184 147 175 180 0.9605009125027445 4 1307 1 2055 3 2029
197 -21.37154256704639 -6.942562502816211 40.03369075723234 165 193 205 0.5849801369054404 4 1306 1 2057
196 -10.865282908010421 -4.376701299239796 28.10063283350257 175 205 207 0.5116794047462967 4 1303 1 1444 2 1003 3 1874
195 -10.911829044993743 -3.768138410468122 27.86554908524518 142 169 178 0.7527306912189569 4 1293 1 1834 3 1102
194 -8.41766858957706 -1.8828743425895638 29.923982854244215 131 150 157 0.4538474045719815 4 1287 1 2159 2 838
193 -16.764233078232472 -14.381047288013292 45.51098098210593 235 252 254 2.296495672554311 4 1283 1 1356
192 -20.586809899106324 -13.635593785131434 41.129262424380535 132 146 159 0.1827716928681898 4 1280 1 2509
191 -11.249141352659535 -1.992689187453329 27.787236231060295 146 169 177 0.19150031923925423 4 1279 1 2094 2 1235
189 -8.764757643240468 -1.0453817163089465 29.991191733749204 129 144 151 0.5573173991102874 4 1217 1 1258 2 901
188 -10.313666078802092 7.0630160794120505 31.468634011514343 145 163 166 0.6015389229473581 4 1214 1 1680 2 1691 3 2085
187 -3.4530215265731847 9.165012694159175 28.924881270287187 161 172 182 0.31852183823497426 4 1206 1 1219
186 -1.4646308668893164 8.51246931019198 31.522818305678676 164 182 183 0.4999629314712378 4 1192 1 1662
185 5.444405018298419 8.503711299476878 32.227979968387125 152 107 134 0.6500982460446999 1 1215 2 2340 4 1189
184 -9.40993552626984 0.3080061821674484 28.967800426976073 137 159 164 1.2013304700519833 4 1185 1 865 2 879 3 894
183 -8.51899192914501 0.10741073898182152 29.834334938638914 147 164 171 0.06446021136214325 4 1177 1 1289
182 -10.592745332957339 1.9180728740240565 29.06619917053771 148 164 177 1.1747025353971567 4 1167 1 1319 2 744 3 991
181 -9.436098356192213 1.7524735085929124 29.73105219026419 137 151 162 0.37323545945896347 4 1165 1 1304 2 1147 3 1313
180 -9.122644226013211 0.6493311092882597 29.58579830488041 179 196 199 1.1808193283086597 4 1153 1 1296 2 887 3 2216
179 -10.777928829620453 0.492693862441975 27.817781529999685 148 173 178 0.47623197042739435 4 1150 1 1293 2 1649
178 -10.071211966033436 -4.257950232184773 28.263437273565522 137 126 134 1.4947565708461483 4 1128 1 1843 2 1007 3 2625
177 -11.030965130895263 -2.1462424621971703 28.121236556238294 177 197 206 0.3426436976818324 4 1110 1 1323 2 1227
176 -8.244303838925777 -3.4200309426153455 29.95529803019056 192 218 223 0.3536956729513854 4 1106 1 580 2 850
175 -11.076130008393266 -3.194690540225843 27.81356456841075 148 176 180 0.6649801168980236 4 1105 1 1860 2 851 3 1750
174 -10.956298874877687 -3.3014852605594998 27.799618166569573 180 202 210 1.2190983314007358 4 1104 1 1280 2 473
173 -9.259425052014363 -3.5307721586579612 29.048658667339424 182 207 214 1.081507606419148 1 827 2 464 3 426
172 -5.305085223434763 9.693546786389744 27.122685424712163 160 181 176 0.6576927828448615 4 1092 1 1189
171 -5.02989138969386 9.42072614246156 27.544571132518534 165 190 190 0.4806596533894365 4 1085 1 1226
170 -4.027902606382839 9.364222337552379 28.403801241113776 147 174 172 0.255728559767058 1 815 2 799 4 1080
169 -3.9674855266891544 9.046753846973488 27.645746546151212 152 94 115 0.3869046574060653 4 1079 1 1224
168 -3.8168334251076805 9.302611769457652 28.661016530005114 158 171 172 0.5954673487897 4 1077 1 1222
167 -6.865274741087354 9.257255190208168 21.359834481195694 154 174 182 3.55789426429745 4 1070 1 1175
165 -8.045599896925406 10.12248097148181 22.79097797364576 160 186 190 0.49120875934288855 4 1052 1 1740
164 1.7026222632145114 7.5021713477111795 34.27530550777903 155 180 185 0.07813122148156332 4 1050 1 2961
163 -3.642112132227251 9.248760377755497 28.82255386860422 159 180 183 0.7157852981825569 1 1221 2 1022 4 1040
162 -11.750924769852551 3.7036617823986533 28.976567054304567 171 199 211 0.41380022386850807 4 1036 1 1170 2 787
161 -1.0338730530286813 8.753992943728433 30.71026740682843 169 190 195 0.43900109868027243 1 1159 2 1166 4 1021
160 -1.9832374131947244 8.59615907299462 30.819751084226834 160 183 188 0.745843579251145 4 1020 1 810
159 -1.2478974662825022 8.56159282620587 31.68566359550919 165 104 130 0.7947022757572807 1 1707 2 1157 4 1019
158 -11.552068861546696 7.040870335210138 29.943426794922587 146 173 178 0.6685836980363848 4 1016 1 1689
157 -9.259826136795942 8.236954834326351 30.691641235907607 102 118 118 1.3931556254127748 4 1015 1 1647 3 1206
156 -11.909981226881099 7.973797930628142 29.15927294286864 175 220 210 0.3406914899722497 4 1014 1 1135 2 697 3 1198
155 -9.36896844562209 7.699034430374943 30.824471014413113 41 42 58 0.49918842729605023 4 1010 1 1144 2 766 3 980
154 -9.119044287302327 7.633726139661779 31.070380368286475 199 220 225 0.4725000573418714 4 1008 1 1142 2 1164 3 1195
153 -9.857046057430829 7.365572336842845 31.131895393343704 57 53 68 0.35192247129071685 4 1006 1 1698
152 -17.717918666494118 -15.638123193356032 43.446436657009976 69 87 97 0.6894900047600562 4 1003 1 1385 3 1129
151 -18.586320081654275 -15.006667293060637 40.99231419176437 89 105 118 0.6471659194100832 4 1000 1 716 3 1130
150 -2.951785383563203 -16.167848882837923 45.47375249613935 255 253 254 0.783837497371227 4 994 1 1584 2 1203
149 -19.00149712596019 -14.733810545386056 38.29363206794568 134 154 161 0.835495443412716 4 981 1 1133
148 -20.62318823325954 -13.558142675977784 39.554857367775234 132 161 164 1.552334131407327 4 977 1 1106
147 -19.942174655233007 -14.428148031367439 40.8425702741722 78 86 99 0.6376940266084128 4 963 1 917 3 944
146 -18.982510635547346 -14.90746114563619 41.53809973062905 124 138 147 0.849607349453946 4 959 1 1098 3 2558 1 2329
145 -17.900575293539543 -14.836211619858021 35.67910973877694 141 162 166 0.5707221675170255 4 955 1 524
144 -19.105307183824625 -16.894207951639387 40.331326328069544 93 99 101 0.08507502612830502 4 946 3 994
143 -21.547816146042027 -14.328329489668198 35.191894635429854 110 133 139 0.41407993690500217 4 931 1 1583 3 2439
142 -12.488120982926743 -15.955590922357738 39.98684275110639 105 94 100 2.1750484152960956 4 916 1 1051
141 -21.105634904911213 -7.244675499192563 39.922820220830936 164 192 205 0.31692855114663254 4 905 1 1454
140 -23.455670088282805 -7.102359581269987 38.29828163228632 139 164 171 0.02339498136046436 4 904 1 1011
139 -9.854805832709275 -6.180328696105082 27.617323776518298 150 147 146 1.5183057844482342 4 897 1 962 2 309
138 -10.93296902989816 -4.526883203056161 28.245381867937244 200 233 235 0.0930919396705217 4 876 1 993
137 -10.44528679436595 -4.6921006342373195 28.255789490967473 141 132 134 0.22347679609293408 4 872 1 1441
136 -11.142262126875538 9.028815047901528 27.844033372248916 162 181 188 0.7425724016526778 1 809 2 693 4 862 3 932
135 -20.462188223873184 -13.091232051944539 41.380668646624294 103 129 142 0.9257614646096588 4 855 1 744 3 698
134 -9.228703785354128 -5.429477389095742 27.767903854530942 130 120 121 0.7715561543132654 4 849 1 951 2 928 3 1120
133 -9.511132825471064 0.9283216871521055 29.457581051799057 158 182 192 0.7022610623647961 1 1908 2 1091 3 1301
132 -11.18055351258441 -1.7205677783340696 28.20194879356732 109 123 126 0.8049331728725979 4 800 1 872 2 611 3 734
131 -11.232738569454117 -1.4619482675132536 28.25234282503384 174 200 201 1.0473807055193072 4 799 1 1252 3 1293
130 -10.921082883831716 -0.8529322680061697 28.34160679653783 135 151 159 1.2753694929577128 4 795 1 581
129 -8.418249637950327 -0.8410636876870325 29.646758763703676 173 186 192 1.227605589965919 4 794 1 1298 3 3098
128 -10.800633469833814 0.08580731085697449 28.228846578188858 181 206 211 0.8451081419413076 4 782 1 859 2 418 3 505
59 -9.351027765335997 -5.685246468504011 27.56474067651266 135 120 123 0.99094432174408 4 345 1 336 2 217 3 425
58 -21.684642850736488 -7.051610535475405 40.41882165505828 165 194 207 1.0114049977680604 4 333 1 352
57 -21.12984147410947 -7.9506904878114595 41.034347800259525 162 189 202 0.8572460185082804 4 328 1 337
56 -11.685183365127898 -15.510371565817104 40.241196889928865 84 68 78 0.8435299385196156 4 325 1 358
55 -20.553376406766926 -14.530471794235504 39.03876600001406 131 145 154 1.0332540977691627 4 317 1 364
54 -19.939436809425143 -14.600624352439564 40.79424212914224 83 87 98 0.8482451949060994 4 313 1 365
53 -9.616073113108836 -0.503394944722712 28.732700736373243 199 226 233 0.7701881072939905 4 302 1 257 2 185 3 283
52 -9.546697160671904 -6.295206576147138 27.509553307215892 126 112 109 0.6749142723293104 4 295 1 197 2 158 3 226
51 -24.58257140184667 3.4019703836703523 41.45682637268525 168 196 207 1.592802625096006 4 293 1 403 3 484
50 -23.343429208528452 -6.442989038125827 39.1330363487639 126 148 159 1.219559924323562 4 290 1 265 3 420
49 -8.578732809076902 -1.83105300318612 29.852142981240892 126 140 141 0.32999219424091425 4 281 1 263 2 193
48 -10.367416757724527 -0.8354593922187992 27.820550720773205 176 201 208 1.9555761303400672 4 277 1 435
47 -21.74108094313363 2.74514025648685 43.74704372183729 169 194 203 0.769634751972827 4 267 1 402
46 -10.111350105697285 1.8794207823547386 29.182583449773603 147 170 178 2.085082434934581 4 266 1 317 2 254
45 -11.36116965348186 4.982266313895918 30.078004797412646 114 110 109 1.2269239240329715 4 265 1 538 2 165
44 -11.507377496695701 6.722644443684622 30.271407483121074 149 171 169 2.3878887230429946 4 261 1 242 2 235
43 -14.08291848278513 -15.305348602003388 38.10930293484638 80 65 70 1.5296178592323375 4 257 1 213
42 -17.02183779987956 -14.02711529788626 43.8293654728144 71 85 98 1.4411845826832301 4 247 1 227 3 121
41 -10.65833620888921 -4.625014908336171 28.31231851646221 198 229 234 0.16191953567050968 4 246 1 353
40 -9.25197136554644 -6.135709026583414 27.565324337224226 134 127 129 0.8634330879823493 4 240 1 291 2 215 3 286
39 -9.578904726869494 -5.947234965492131 27.5605908878706 69 65 73 0.60376838189102 4 239 1 261 2 156 3 296
38 -22.63493811939893 -7.578549186397495 40.17322506544382 160 189 197 1.2991031910778688 4 235 1 201 3 269
37 -9.89535628274053 -4.983485181657613 27.94024548838452 128 117 111 0.29277777963731744 4 234 1 340 2 153
36 -8.831467387709033 0.8823796899407926 29.089945815356675 175 200 207 1.4261940562692093 4 218 1 233 2 76
35 -10.775204013213195 4.206852639511722 30.091978138594357 151 171 177 1.2856142172277822 4 210 1 210 2 176 3 233
33 -8.881797646100402 1.6086311460506297 30.608007121735337 164 184 195 1.5650089361513515 4 200 1 401 2 256 3 256
32 -10.183751443670856 -4.4900765842967285 28.17088975385425 145 136 131 0.5411315076002271 4 185 1 203 3 410
31 -20.89123637554748 -7.151922009619701 40.786259080947076 171 200 206 0.08892573594052874 4 184 1 259
30 -19.442060701094416 -14.946999637650265 41.49942263324971 74 85 100 0.9421697421506189 4 174 1 155 3 149
13 -11.501040346550086 4.503245147817794 29.78754256909004 109 98 102 1.226547110355594 4 77 1 76 2 40 3 73
12 -11.845705157852176 6.175999442102405 30.05288949025123 123 117 119 1.3750472693396585 4 75 1 73 2 33 3 71
11 -11.373492648048096 8.748934715349757 30.2780654112274 145 159 168 0.9874521789290986 4 74 1 72
10 -1.291563524532595 8.88397021510468 29.88062052323829 166 191 196 0.4386238088259621 4 73 1 70
9 -11.330812903960929 8.855232180713895 29.017474011658383 137 157 164 1.9178629867763117 4 71 1 71 2 56 3 108
8 -9.939961242706648 4.64537747900802 31.227009922384063 110 104 106 1.9142680784873929 4 56 1 48 2 25 3 64
7 -10.857622731348345 5.1465130412939395 30.608319967373344 147 166 173 1.4609364398609845 4 52 1 47 2 41 3 69
6 -11.18238418816768 -4.198987721953619 28.895377805433817 179 207 218 2.5656342127438636 4 37 1 43
546 14.235968497593324 0.3366281452124725 49.7360350318429 130 157 166 0.03636814324412824 4 1953 2 2697
4 -9.230430192973682 2.989881634162315 30.38280403258085 159 186 197 0.8211766046663022 4 29 1 26 2 20 3 33
3 -11.180438570989327 3.0703951132816574 29.024513877540006 158 186 198 1.1071995006664714 4 24 1 32 2 21
544 -18.350024981412556 -15.627489717535662 44.56195803076865 46 52 72 2.1533030178986894 1 2843 2 2635 3 2551
2 -7.442778880757097 9.275370369617118 29.659349327276065 158 178 185 0.9217040508664646 4 17 1 12
543 -1.6548418425177827 -14.024957080855751 38.92057537244742 251 250 247 2.131032427382217 4 2648 2 2614
542 -17.009040808632406 -15.62422290991307 45.04114665168884 112 130 138 0.49396311940264687 1 2842 2 2609 3 2594
14 -9.834914723505827 1.0984759608178163 29.15987695366465 157 184 193 0.7891589047645429 4 99 1 105 2 77 3 144
15 -9.306373946565213 1.4155331752593734 29.684704098718363 129 113 114 1.3407551546486445 4 101 1 107 2 80 3 138
16 -10.366413594046657 1.5632484325340343 28.589022698991993 125 109 112 1.0084825299217184 4 103 1 109 2 81 3 117
17 -8.892520108815527 1.8688238941647115 29.755970532507487 168 189 200 0.9687736617829714 2 91 3 187
18 -9.450209357856897 3.7938113393303095 30.421607622891436 165 189 201 1.5829247151279222 4 110 1 121 2 61 3 147
19 -12.2006847625621 -15.612756036764667 39.19256849958586 103 92 98 1.7685623934077237 4 119 1 65
20 -16.65072707961633 -14.204754185540025 45.26100807640189 157 195 205 2.5716362627708618 4 124 1 135
21 -10.052851482603144 -3.906319033513916 28.298309049366864 179 208 212 0.25726224063614234 4 134 1 182 2 99
22 -11.379308255094593 -15.226156268863205 40.842079274314486 138 161 164 0.1662223777626441 4 147 1 159
23 0.684717174412343 7.73247098681658 34.53656882605069 158 175 185 1.8983133665072565 1 171 2 122 4 150
24 -8.863373639201102 7.88086961342635 31.035689953908598 55 54 72 0.49108821165090294 4 151 1 170 2 121 3 181
25 -10.771148664869402 2.2635176935493995 28.985730320132465 157 185 202 1.2823341897547758 4 157 1 167 2 82 3 189
26 -10.465288762509905 0.9952586729046274 28.39657940885447 190 215 222 1.4769145165317348 4 159 1 164 2 130 3 194
27 -8.970724443065844 8.370954299350524 30.61590592420919 104 121 129 1.932891218012404 4 162 1 185 2 75
28 -9.999294506010514 7.578888448537614 31.180259752534955 51 47 62 0.24077876816736288 4 168 1 243 2 84
29 -17.71397529763274 -15.470286895743277 43.65592568214113 105 119 125 0.43836998104532543 4 171 1 186 3 171
60 -11.638583249856428 7.803929595645011 29.907519068675345 49 52 66 0.363310503946793 4 346 1 295 3 183
61 -13.795144724914358 -0.8469577164491616 50.8913463876914 114 71 66 1.4839869078797894 4 362 1 229
62 -8.745205056008528 -0.37858568173090995 28.987529813190335 172 199 206 1.4854200287742163 4 363 1 314 2 205
63 -11.242857985256316 -4.406735193187571 28.197738127532656 200 235 237 0.49546965455450714 4 390 1 601
64 -7.247805454592548 10.018242342776173 25.47392982049232 160 180 187 0.7821308308764094 4 398 1 410
66 -23.767932128086976 -6.388104230079891 38.98434766582432 135 159 169 0.39375502475974694 4 401 1 600 3 623
67 -12.241504518066852 6.542797372176675 29.793732164667453 148 168 175 1.3095294537578486 4 405 1 1182 2 772
68 -10.208815132862423 4.711999167106131 30.77331598985989 108 99 98 2.3428651308864974 4 407 1 758
69 -11.690856678888323 7.680024436069349 29.39881561187393 192 223 225 0.15261823259032722 4 420 1 407 3 530
70 -11.01248156792935 -1.4011556613275236 28.21984155490246 142 162 167 1.3651899504759977 4 421 1 876 2 297
71 -13.45349977406335 -2.225127911737011 51.81036628977642 114 131 139 2.3763682435595443 4 425 1 311
72 -11.542397754228833 -6.805236320661059 28.901174458543952 86 100 111 1.4682202252924006 4 429 1 505
73 -13.950658970640346 -12.435826056307421 41.18736455990486 77 79 73 1.0829534580098474 4 441 1 2553
74 -22.595531989401955 -7.08284357619201 39.772530628937965 77 97 103 0.7997379514485413 4 449 1 468 3 616
75 -21.595890481479042 -7.202796596778782 40.24617425136281 158 188 200 1.2909592532661374 4 450 1 469
77 -20.50832466184512 -14.629400339387457 36.05199508590714 138 163 168 0.14947635355860428 4 470 1 1086
78 -17.322869435651388 -14.727335644452895 44.254235800025384 133 152 165 0.15717129598550614 1 305 2 300
79 -20.52652013318916 -14.962126907689436 39.87739207091179 97 112 121 0.33742074412914597 4 502 1 516 3 631
80 -10.312054351145921 1.7638436246681564 28.453131473332917 108 96 100 0.7205777014308712 4 522 1 781
81 -8.917680314472094 1.614773246279849 29.71827075344673 146 165 179 0.9031488089581559 4 524 1 544
82 -0.9909669357115717 9.974946060146635 26.729533233173232 177 200 206 0.2125781551145986 4 529 1 563
83 -11.526374723169747 8.825525402091248 28.531352199138823 140 164 169 0.7023071732308496 4 530 1 570 2 353 3 750
84 -2.593346723124241 8.772354579294744 30.460351471869934 159 188 192 0.7087726720915772 4 532 1 568
85 0.384897940125807 8.279815458344238 33.22475353634294 157 177 184 0.13785461387921347 4 539 1 408
86 -9.49119626306943 7.412842355338329 30.968490138590745 186 216 216 0.4723706491326107 4 541 1 406 2 335 3 529
87 -11.950715872099021 6.911530494949334 29.36930019630327 153 170 180 1.75592646990883 4 542 1 575 2 337
88 -9.457700193259251 6.337099118041815 31.348720399730396 148 165 172 1.5058052605405803 4 543 1 577 2 330 3 657
89 -8.544046488168494 -0.5258307256342493 29.71734604206525 159 178 182 1.0138992662270003 4 549 1 1317
90 -11.234678730625209 -1.0939684606589888 27.871784078809753 159 184 189 0.026316592923110428 4 555 1 583
91 -10.092452006036783 -4.124899132765433 28.31329088997247 188 211 217 0.18440863897067952 4 563 1 839 3 815
92 -10.676629409637322 -3.435458117505713 27.908881607037955 187 218 223 0.6987939346335719 4 567 1 594 2 267 3 723
93 -10.460119219542175 0.5404035820582342 28.597406194289153 96 107 117 0.8141288436663284 4 571 1 393 2 367 3 498
94 -9.168149695863105 0.37705329112708275 29.40302759723854 180 205 212 0.7564603164868355 4 575 1 605 2 545 3 732
95 -9.485811566854887 -5.047906102218106 27.809085344580605 136 125 121 1.2779900323179152 4 594 1 640 2 477 3 1065
96 -10.037091999251777 -6.069714274372474 27.60095196743888 144 137 129 0.43998905399782506 4 597 1 645 2 479
97 -10.709904162348105 -4.361359978668867 28.200397786061025 172 200 203 0.9892007177159067 4 612 1 996 2 269 3 1109
98 -6.121608751328061 -6.630892170852327 44.09174710777413 107 75 88 1.9292564683687372 4 613 1 647
99 -7.304169144220054 -16.265994989754653 45.2673889121552 78 65 69 0.4623679058208293 4 636 1 708
100 -13.331054321727395 -15.358909784652871 37.12284722239025 104 94 92 2.422654008781532 4 651 1 528
101 -8.458793859970152 -15.637788125310566 38.45542985032708 96 85 81 2.0680038212554477 4 652 1 489
103 -20.505314281115563 -12.863810502543542 41.36444560144128 249 255 255 0.12839270815767884 4 668 1 740
104 -19.667658038018438 -14.860485633266736 41.35548551107012 71 70 86 0.43102679288806617 4 686 1 1256 3 915
105 -10.034699492177761 7.327288721138231 31.139555472744757 126 125 118 1.1236038371797092 4 691 1 1709 2 333 3 2094
106 -10.167134602832867 6.919228627365559 31.427664322697023 120 114 116 1.7310766791332777 4 692 1 2240 2 496
107 -10.240166173828671 6.312131988351592 31.40744431068692 119 112 114 0.46815972928743 4 696 1 761
108 -9.415999276893244 5.076089079746276 31.60084373050026 143 161 163 0.4226558265053263 4 700 1 536
109 -10.174673956260518 3.908067693337495 30.454215973906233 152 170 180 2.034606280376671 1 1885 2 1705 4 705
110 -10.230134029898755 1.2063792442603583 28.45343825893971 115 104 112 0.7956270793990761 4 714 1 549 2 753 3 770
111 -9.702786604988177 0.9185736663174362 29.27742766730979 160 189 197 0.07072732076181054 4 715 1 771
112 -6.978478922745152 10.03179747305469 25.380206946195354 155 90 116 0.6278731704555035 4 717 1 1031
113 -17.10375261758154 -13.584569329925221 45.10007446736343 143 163 172 1.9745778019206899 4 720 1 738
114 -7.286235579450107 10.172678146428739 25.351276097638216 160 90 119 1.026529258931833 4 730 1 1202
115 -6.556772901387527 10.040921792696718 25.768598795343756 156 185 189 0.6774681996659107 4 732 1 786
116 -1.82335037631485 9.829176679637461 26.701193224440363 174 203 209 0.5766221693732106 4 734 1 559
117 -8.363436651842536 9.634693607689668 26.116336490516108 167 187 194 1.2264052211276493 1 816 2 510 4 736 3 907
118 -2.127214150691754 9.71602152921954 27.53277811436225 173 206 208 0.2784911561819128 4 737 1 794
119 5.898228079048784 8.796880885648061 32.125879825037146 159 179 190 0.5110479572140372 4 741 1 813
120 -1.04544049098822 8.572461463177932 31.637327157893548 173 178 181 0.9185361318130262 1 808 2 770 4 742
121 -8.46032141340167 -2.0551968545987713 29.89577747740736 168 180 194 0.3264483559640288 4 747 1 845 2 616
122 -10.919514289348934 -2.9333637943227546 27.827478991129734 186 206 215 0.8474190675637805 4 753 1 819 2 411 3 1710
123 -8.970414403446416 -3.8762325397823867 28.910807594200673 209 240 245 0.4587101469528986 4 758 1 821 2 572 3 1014
124 -5.461773330712975 -5.442137671619865 39.81509652178305 111 68 80 2.5691471075681838 4 766 1 828
125 -10.850084746296602 -0.1862870375427704 28.136983945064294 172 199 204 1.3393149371887565 4 773 1 613 2 810
126 -9.167460488986553 0.551996313804995 29.504053763943293 86 102 110 1.6311491233635487 4 776 1 499 2 884 3 540 3 1775
127 -8.989352610396363 0.4309087667589041 52.875302161983825 119 134 137 1.5572576877901567 1 1295 2 419
258 -11.050136060046828 4.49243717024492 29.992321244950706 137 154 162 0.9423617361229517 4 1665 1 755
259 -10.202448442785622 0.9360083843446185 28.531061765638427 133 153 163 1.224569061859952 4 1684 1 1342 2 1638 3 2396
260 -10.857768337859191 0.38471217397820556 27.878785860132417 185 210 217 0.06532213591117655 4 1688 1 1913
261 -8.811555295542593 0.19495674849062933 29.663065841652315 179 198 205 0.22088741683820656 4 1691 1 1291 3 1320
263 -10.242825807194006 1.05270269526003 28.473714458739295 185 207 215 0.8388506274316572 4 1708 1 1299 2 1133 3 857
264 -8.915283496806278 -0.5638860011824461 29.907561276827632 161 183 189 0.44770371531792574 4 1716 1 1791
265 -8.509906533727063 -1.7379045404690991 29.964981167797976 137 151 152 0.07278994214834045 4 1729 1 2101
266 -11.189298884071693 -1.613868285486577 27.984868760763277 178 198 199 1.3253786267988004 4 1730 1 1237
267 -7.5063445561279885 0.18498376458090962 11.945391184053515 163 187 199 0.7015035882520225 4 1738 1 1799
268 -10.270399256472098 1.3155998690174253 28.380094068660238 149 137 137 1.6401755520383916 4 1742 2 1940
269 -8.72051959473089 -0.3667896512370449 29.960456121997815 163 176 184 0.24373581751448664 4 1748 1 2195
270 -8.714751686660678 3.473409812923241 30.912555310485587 180 206 217 0.8921667154608092 4 1755 1 539 2 382 3 870
271 -10.357664981080491 4.052560167904443 30.458416972674744 141 166 169 0.5005269733714295 4 1779 1 1883
272 -9.570148822598185 1.7883983484091637 29.707748085687804 123 141 152 0.3342533179568946 4 1798 1 1922
273 -10.14510263235848 1.6096659854108588 28.265724543956377 141 122 126 0.7488965436073478 4 1801 1 1308 2 1625
274 -10.041586908922365 1.5892860418958423 28.317239636702553 100 81 83 0.45564762445111406 4 1804 1 1307 2 1146
275 -8.80181450896268 2.278795547414771 30.669452023571118 164 193 199 0.2107333706121451 4 1823 1 494
278 -11.526999910392247 -3.321312471649789 27.748211980206133 194 225 227 1.6453613610398168 4 1865 1 1835 2 999
279 -9.809075653641568 -3.6227712373674725 28.171578446516435 203 230 237 0.24744069723024703 4 1869 1 1278
280 -4.983855575370032 -2.7844013689530183 22.342252514939524 109 119 120 0.32929782468260105 4 1870 1 1832
281 -11.074667720351691 -3.85633317135891 27.780655821957144 147 180 187 0.3887472316310828 4 1875 1 2032 2 1737 3 1409
282 -11.05370356712759 -3.074031973063383 27.834011393369337 145 170 175 1.0627944836119407 4 1880 1 3027 2 1269 3 1921
283 -11.604904271840718 -2.244391355227192 27.662406863242566 151 179 183 0.17119754896311284 4 1891 1 2044
284 -9.651231063634963 0.6611908812794038 29.391842556832 139 155 168 1.228959470916993 4 1895 1 3102 2 3067 3 2950
285 -9.41962962848131 0.8682646826281891 29.53998532764849 118 138 144 0.7162273847776954 4 1896 1 3126 2 1958 3 1783
286 -12.318884762319577 1.1343751438094356 48.13196036410003 166 189 194 1.4649296457056848 4 1898 1 3128
287 -9.379918657546838 0.9560442260949851 29.565660804213934 165 183 187 0.38148398192142946 4 1927 1 1947 3 1680
288 -19.965470876970443 -6.857317677032341 36.43422048859847 162 191 195 1.822978225972406 4 1934 3 1365
289 -5.919451198340275 -0.29666557302753366 46.90095638275017 154 179 183 2.270355889890727 4 1940 1 1535
290 -10.368567518168897 0.4910631000963891 54.22237497068656 155 180 187 0.7009293197108479 1 1975 2 2738
291 -20.775220470272934 -11.885621051323163 41.7551868347829 156 196 189 2.0055569579272325 4 1982 1 2672
292 -18.05366877909986 -14.183043454571827 44.4528835900391 76 86 98 0.006631323186702351 4 1988 1 2598
293 -23.64185632049426 -6.867461542131654 38.11040807410403 118 137 153 0.8281766786682919 4 2030 1 1452
294 -21.37482491386218 -7.48517773645411 40.55305923613325 138 167 172 0.2442474771579978 4 2036 1 3073
295 -22.452278608867577 -6.546858006044401 39.058622509948215 153 178 184 0.20680693757216018 4 2054 1 3092
296 -22.38987736590879 -6.833194478703091 40.12363361737153 112 140 148 1.0194274975552424 4 2056 1 3097 3 1858
297 -21.96728592975784 -6.89471684727999 39.620927359461604 152 181 185 0.10713944692789107 4 2062 1 1449
298 -12.161581544378123 -5.04702951068971 22.201334708273748 143 170 177 0.7926611547616009 4 2064 1 1450
299 -21.218046698585834 -9.999178793830382 40.287081547885556 141 164 170 3.2619442840169803 4 2075 1 2643
300 -9.045290119098555 -6.003372142529096 27.768400841247885 122 117 121 0.6141894027950228 4 2081 1 2175 3 1352
301 -9.874978001026255 -5.884751397081034 27.379320914070217 146 140 137 0.8935211234901387 4 2082 1 2655 2 2536
302 -8.994779028213275 -6.005781672775912 28.061454708415813 122 118 123 0.5729001063313216 4 2084 1 644 3 453
304 1.559159349138196 9.663153212083841 29.50666374759749 146 169 175 1.258297764389272 4 2101 1 2132
305 8.595007392087524 9.567204188901794 32.05689121012817 156 169 181 3.1605758519675424 4 2110 1 1725
306 3.1066047327811037 9.806015899440848 27.805779879712833 146 169 177 0.2038785700209698 4 2118 1 2112
307 -1.5321853296204868 8.628414144889996 30.91472139136557 160 182 184 0.3355625715536622 4 2131 1 1765
308 -12.077067616583355 8.567559168622127 30.34464378091021 50 54 66 2.2125455090530664 4 2134 1 2965
309 -5.22771934211431 -7.313972787474298 44.7039964471668 118 136 136 1.054833366842748 4 2135 1 3060
310 4.5542569765137815 7.866676403256261 31.285178040441664 160 185 185 1.9523799400771484 4 2142 1 1768
311 -12.241783163533295 8.015340121911692 29.354427139899034 64 76 98 0.5127507837263737 4 2145 1 3007 3 3257
312 -11.828085119529213 8.245485941366736 30.473103799390305 132 148 147 1.1990526387026805 4 2146 1 1348
313 -1.6506092649906428 9.914255519960996 26.792941466947834 180 199 206 0.5857743097329058 4 2147 1 1750
315 6.268503695814631 8.299691010399274 30.33573107067772 162 181 190 1.2758706857349755 4 2151 1 2946
316 -1.0540208665991062 8.738139137933421 30.37905734539731 148 172 176 0.8892909138605637 4 2154 1 2258
317 -2.4047453012173685 8.37927262700231 27.710283841523392 160 180 189 1.5147931441105702 4 2158 1 2945
319 -6.329359994589114 9.986547703898797 26.255966739990214 156 178 177 0.7993248004436317 4 2213 1 1716
320 -23.454112530128473 4.058491849017562 39.95197014548025 129 143 144 0.19718464375472983 4 2242 3 2316
321 -10.69969484511515 4.056870841068705 30.191849395061006 38 44 71 1.140956195111145 4 2251 1 1882 2 1120
322 -8.66579008904027 3.8158792068168377 30.83560738253414 38 52 93 0.5548830109743939 4 2263 1 2221 2 1702 3 1218
323 -10.65489290829156 1.4463347547069694 28.23777240026034 102 101 114 0.5438139112242438 4 2275 1 2008 2 1607 3 2299
324 -9.596209070047614 7.589810777671571 30.916905290852068 171 189 188 0.15198539349631737 4 2297 1 2214 2 1518
325 -11.658947558277031 7.58587358281316 29.55555059855423 148 174 178 0.3612512884145714 4 2299 1 2216 3 2087
326 -11.712369849589097 7.658490701203529 30.27105627100664 55 61 72 2.034061903702206 4 2301 1 2198
327 3.164061140407624 7.676332807231162 32.708007676086304 160 173 185 0.883991573761754 4 2303 1 2972
328 -9.228052403250905 7.700388351119999 30.903462622819394 153 170 168 0.41682346646623475 4 2305 1 2219 2 2437 3 1688
329 -9.30339326079579 7.425680301967565 31.206314670300006 65 92 124 0.4323368674951876 4 2310 1 2205 2 1698 3 2118
330 -9.670281807395826 7.336742392249617 30.98507653907098 147 167 167 0.47555793991930617 4 2312 1 2204 2 1699
331 1.8984446642934039 7.776556179529253 34.742845991666734 136 106 130 0.5056497826247293 1 1648 2 2991 4 2313
332 -11.92684905705451 7.685231915366278 29.475618021508815 70 78 103 0.3806396801959343 4 2318 1 1659 2 1048 3 2088
333 -11.996088733895606 7.666592673000671 29.26359006561539 184 212 216 0.799005893790239 4 2320 1 2979 3 2070
334 -11.996024252271342 7.763874777416842 29.350757074772385 96 129 138 0.2502302766599429 4 2326 1 2231 3 2089
335 -1.3491321472579987 6.835904546565553 35.94955989512916 134 111 132 1.026110724755389 4 2333 1 2857
336 -11.408864046206915 6.002634815974806 30.02179130706672 109 114 112 2.1486513992734024 4 2334 1 404 2 1674
337 -9.40616463037349 4.509143976291454 31.314533446843154 152 162 158 1.6343844290230547 4 2342 1 1690 2 1124 3 1595
338 -11.832325204574875 4.184045675019094 29.251151657212425 46 60 100 1.2494203290881127 4 2346 1 1694 2 1125
339 -10.504036521440655 7.128093158087627 31.509944559875503 156 173 181 0.9524262495483541 4 2353 1 2866 2 3030
340 -10.44389839525838 7.181798131677738 31.626765806072882 60 57 83 0.509106636018833 4 2356 1 2241 2 1693 3 1671
341 1.2357598208327087 7.656663587214704 35.30776700678557 140 102 130 0.167554758497297 4 2358 1 1642
342 -0.014040178618712693 7.6193874710302 37.274509551391276 141 112 136 1.315009969836059 4 2370 1 1703
343 -9.767935572116649 9.528265834818315 27.301180704325386 137 156 163 0.6853226739135145 4 2438 1 2187
344 -0.8026243120512507 9.814895990213868 27.304904632163968 132 159 166 0.4828245256162981 4 2445 1 1720
348 -9.48587053991606 7.684575326346805 30.854895288953816 160 179 183 0.5395116613834016 4 2501 1 2218 2 2433
349 -17.37072372996225 -15.307470111438962 43.47080816342159 118 135 142 1.4141982235738553 4 2511 1 1391 3 2474
350 -17.899823572945674 -15.619630942451657 43.54002346677251 118 136 146 0.6090922037540608 4 2534 1 2130 3 2465
351 1.3466355498483513 7.561483009379494 34.296210240166616 167 181 192 0.46254040217228826 4 2560 1 1649
352 -7.282663084509448 -16.32890960575723 44.92075699395783 95 81 86 0.7882272620135983 4 2604 1 2411
353 -11.195262198047963 -16.023182319559375 39.799187410322006 73 67 67 2.6227127490971913 4 2612 1 2128
355 -19.588348410604922 -14.475847781478475 36.485809439119926 102 127 132 0.7237492543298276 4 2661 1 2722
356 -9.501424881970124 -3.6498269069829354 28.552452260032425 124 159 163 0.38994607566682465 4 2680 1 3032 2 2576 3 3190
358 -8.182170606054015 -3.6820184099055138 29.789758854079437 103 120 128 2.3881630257852553 4 2686 1 3029
359 -9.399988182473137 -3.6718302756968604 28.605826194394815 212 241 247 1.6219318445274318 4 2694 1 2035 2 979 3 1839 3 3189
360 -11.112835644943825 -3.792331458275647 27.690005265170694 190 219 230 0.2766184266908771 4 2702 1 2033 2 1254
361 -15.011988772636297 -15.229067386347243 35.810326823174364 88 85 77 2.9197173991745298 4 2736 1 2592
363 -19.0933638762011 -5.766248207283238 34.50891771037974 148 171 179 0.7156546557954109 4 2756 3 2688
364 -12.253293336873064 -14.63949523391435 35.596071212774376 85 70 76 0.8599755745945418 4 2761 1 1078
365 -11.273473644291245 -14.27902828449006 34.35679122276217 254 251 253 0.07557908152919166 4 2773 1 3164
367 -22.837342761822168 -6.402422923964384 38.0586084549647 162 189 200 0.4331726292903989 4 2798 1 1445
368 -10.350376364414963 -5.790827018221075 27.890141136426305 114 95 97 0.3500930393403145 4 2806 1 2472
369 -4.701333257429373 -7.249464679475155 40.16052301042981 120 142 147 1.8072717827958424 4 2835 1 1425
371 -9.843812624730788 -11.301385690109093 42.43615214951401 76 85 94 2.1242036807891536 4 2886 1 2985
372 -21.014263571007827 -9.614416476196956 41.077452612203395 124 151 162 0.8079412499155195 4 2913 1 1478
373 -22.112300272907504 -7.0354034036002515 39.4475013584047 148 181 182 0.5174528880073286 4 2969 1 3062
374 -5.44694731514172 -13.55546823688044 38.62091759913955 141 151 153 0.2349383179100895 4 2970 1 509
375 -14.04132007932659 -16.587561547761332 49.425552189843835 98 111 120 1.5459346297090457 4 3003 3 633
376 -4.999785384548316 -7.749409166550425 44.99606591683513 120 134 133 1.6846368970013734 4 3031 1 3070
377 -11.519982093510212 8.12739548309928 29.59772694999336 143 147 152 0.8289482654193359 4 3035 1 2274
378 -9.552104677387769 8.03742196934249 30.767911780518183 82 92 102 1.0633896093607453 4 3039 1 3171
379 -11.99047308968568 7.844525251354028 29.34512749430374 186 214 202 0.4348730555926217 4 3040 1 3019 2 2394 3 3266
380 -12.097857926316719 7.915313635220231 29.413274588554042 97 102 130 0.2263905617204288 4 3042 1 2266 2 2185
381 -11.96808576877603 7.905713960671552 29.303590395855107 76 98 125 0.3452010193389996 4 3044 1 3011 2 2184
382 -11.758824544771484 7.902028766652928 29.29369097845997 188 209 206 0.43381801778180973 4 3045 1 3009 2 2186 3 3270
383 2.113091720473026 8.67520026677915 31.58408391789974 146 169 177 0.10987925697265097 4 3064 1 2260
384 1.9065460664888902 7.83413550596459 34.67552411082207 158 180 186 0.18685014935768646 4 3066 1 2885
385 -9.366973268208536 7.430743250203314 31.142207147138677 173 210 211 0.38494667836932467 4 3068 1 2889 2 3041 3 2101
386 -9.244747697231112 7.505854730370718 31.147381426922465 181 220 211 0.5157630916890215 4 3069 1 2878 2 2419 3 2169
387 -9.16333166364664 7.5246409606252005 31.177680086075668 67 96 119 0.43682519283723115 4 3070 1 2211 3 2170
388 -9.450333169363256 7.521423007808119 30.934965781346484 181 206 205 0.804219474635556 4 3072 1 2212 2 3050 3 1683
389 -9.350923897029954 7.551919135622037 30.991200391033214 72 80 97 0.5895962606351268 4 3073 1 2877 2 2413 3 3247
390 -9.324075645683415 7.606545722487476 30.912688551696643 177 196 202 0.5288113063413714 4 3077 1 2995 2 2430 3 2171
391 -12.17388513032618 7.66681102850471 29.531569681202438 93 117 123 0.3319796978080013 4 3084 1 2997
392 2.2406526825663957 9.515594021541178 28.303345185574663 170 194 198 0.3599253370530126 4 3098 1 2150
393 -8.066228315097451 9.837003183326273 25.752677066445077 165 185 192 1.1766389233483396 4 3114 1 2140
395 -23.842374135313037 3.750374734062897 38.885063902467394 100 115 118 1.3845669707313681 4 3166 1 1864
396 -10.39006921900884 1.3518016860016033 28.20719947218433 156 146 144 0.968913237027451 4 3185 1 2005 2 1616 3 2297
397 -2.4867736141885644 0.6840810931056609 6.629614271441832 108 132 132 0.45589316151567116 4 3202 1 2009
398 -21.396889836233907 2.8348262678607097 43.82717841933642 69 87 97 0.4516608622830655 4 3206 1 2916
399 -9.56795528606717 4.530630027004677 31.23733393157602 107 105 111 0.8118233706560085 4 3213 1 2125 2 3078
400 -12.324707763189215 5.277419217405624 29.909367709094823 128 137 136 1.5116022393724888 4 3222 1 750
401 -0.7601262815302995 7.059705714845471 36.409065897143165 167 181 179 0.2877671792840747 4 3231 1 2209
402 1.3232872914450076 7.8426401171043185 36.37291667905363 161 175 182 0.960952921098454 4 3238 1 2268
403 1.511258875896611 7.633735993347831 34.689795474218855 136 105 127 1.0799529660623055 1 1650 2 2990 4 3240
404 -8.061953622345674 -0.9671802421126586 30.41890930765339 169 187 197 0.4670856731894328 4 3387 1 1311 3 1008
405 -19.496702650546272 -14.645376475270087 37.093489221080254 101 124 130 0.6611986473956776 4 3444 1 2310 3 2160
406 -16.736648112141445 -14.261039337420545 45.54977820581091 136 166 184 2.6791320087133883 4 3455 1 2560
407 -10.719908183200658 -0.5041666185599039 27.953335730633498 170 190 197 0.4582368254626665 4 3460 1 1792
408 -10.677725183187544 1.2635774854888797 28.804280098322305 140 136 138 2.760427203444763 4 3480 1 1929 3 2914
409 -12.836529967241766 -1.732621172938485 49.59374870324728 90 107 114 2.2980645047424537 4 3492 1 2071
410 -20.82793084005504 -12.879952831727396 40.22221931943779 120 139 146 1.6789997850113396 4 3517 1 2558
411 -9.01062728687481 0.2923855406782738 29.666650515724196 138 158 167 0.3926525882668677 4 3537 1 3114 2 2489
412 -9.686438568253893 7.7306051797198405 30.961828695069727 44 42 60 2.1449436672829867 4 3550 1 2983 2 2435
413 -9.00944965501716 -5.905934294157373 27.891207720799372 96 90 93 0.9912064950441234 4 3551 1 2987 3 2068
414 5.012601648716818 8.302971834336882 32.37047210801454 161 183 189 1.8429780499205892 1 2255 2 1844 4 3557
415 -1.06494473263946 8.45342429696779 32.013307006655495 166 183 190 0.822331017132666 1 2249 2 2989 4 3558
416 -6.275777778201703 -9.316900958936255 59.23670396393482 115 133 137 1.617254499742738 1 23 2 18 4 21
417 -9.98306447573 6.18799865886384 31.425042107071597 124 122 123 1.3205785461348842 4 76 3 100
418 -4.2722191656103305 -4.87636939569122 61.37100146433693 143 168 175 0.017183298174647216 2 46 4 79
419 -17.66484873029339 -17.017701861881235 58.233530622437485 104 123 137 1.0945476799678304 4 126 2 52 1 132
420 -4.34141772325558 -1.3085121468838652 60.618023314525544 97 52 72 1.0284615690025454 1 99 2 57 4 93
421 -12.12161450384872 8.293272072933433 29.145869001354015 59 60 78 0.964085064350126 4 156 2 85 3 182
422 -4.307497197195196 -2.870256093790239 60.2816785999208 102 48 74 1.014942889395644 1 93 2 88 4 98
423 -3.1536957096069957 -1.8000210522557107 60.73953062958695 142 157 167 0.6928794514571743 1 98 2 90 4 97
425 6.917135117857316 -16.48845884281454 49.1735538530167 142 159 169 1.590129594940877 1 63 2 95 4 122
426 -10.221615690765738 0.17204089231367523 28.612799804323775 174 204 212 0.7460383018903934 4 223 2 104 3 204
427 7.179970818855594 -15.885519258008038 50.34123783428334 136 153 161 1.4111956827667334 1 156 4 190 2 160
428 6.471436899138602 -16.15408182842855 50.45736547163605 77 87 97 1.6551730924991004 1 219 2 161 4 191
429 -5.686877166511359 -16.484415130387735 46.36872011129467 87 80 85 1.3540646893876265 1 216 4 194 2 163
430 -0.7190577807030618 -0.6487203447549232 60.35137614037567 91 89 92 0.7710795981203354 1 316 2 202 4 273
431 -4.004710441484399 -16.315786322265286 48.58952679379724 136 150 158 1.318672260087564 1 157 4 192 2 210
432 8.5465415261665 -16.151281409247648 52.15535116803525 132 149 157 0.8675787685400026 4 252 2 213 1 220
433 -8.07743935882452 -2.5000520085349924 30.076901830140436 171 200 208 1.067522883564937 1 246 2 218
434 -9.477945510762153 -4.337156247844443 28.92511077924556 130 126 127 0.6091361191034113 4 288 2 223
435 -10.587351992167344 -9.165215586015888 53.712102604237145 106 128 133 0.7132784187805278 4 335 2 321 1 347
436 -8.798067151517344 -7.774036142533265 49.536572199807516 104 132 130 0.4740937705892052 1 418 2 325
437 -11.707478934963492 6.635887734811973 30.17636632581771 121 116 122 1.7149334780687937 1 576 4 1195 2 332 3 2076
438 -8.68085390134861 -0.5656126715765218 14.073562210116343 103 91 98 2.4183320517864675 1 3053 2 338
439 -8.487069976614181 8.431665665114421 30.32290036030411 159 179 186 1.1502627148826328 4 535 2 342 3 753
440 -12.587545471792636 8.256522827375377 29.275618397627493 142 162 173 0.8977906114589242 1 574 3 747
441 -10.255525231886176 5.881823128154942 31.077121826583138 114 114 114 1.8468027790564356 1 2884 4 811 2 360
442 -6.408483102178246 -9.26808007350481 58.15247078316248 113 132 138 0.614150006267004 4 427 2 393
443 -4.744120962135577 -3.7928665960814105 60.47564263773194 130 148 158 1.4981559901975414 4 1114 2 436 1 1338
444 -8.662745726394304 4.925235677677477 25.438702402070167 148 168 169 0.2588331319180712 1 1180 2 438
445 -13.68944792004328 -15.23024344970072 55.27078310062198 64 76 88 0.4475441749097513 1 275 2 450
446 6.888340638576267 -15.73309109426393 51.01105799962882 108 121 127 1.6050043829710294 1 508 4 489 2 459
447 -10.276768561746293 -3.4186513196104924 28.12311565017887 178 207 215 0.23617462918513907 1 593 2 463 3 725
448 -10.999007630695017 -3.660421581676771 27.77352151658562 183 211 222 0.4220308361442082 1 1276 2 465 3 1016
449 -5.974281267894807 -8.586475204084303 58.28205007990955 117 132 137 0.6299871444380419 4 566 2 469 1 598
450 -5.948010171721721 -9.275750358963679 58.19883481222709 113 134 137 0.9635056349093318 1 569 2 471 4 456
451 -10.811329589555642 -8.759701322097245 53.45923680641873 115 81 82 0.8824559770827292 4 624 2 472 1 656
452 -5.9258989053849795 -9.954366428491017 58.06060593751514 116 136 136 0.856091734455885 4 453 2 475 1 346
453 -10.763607273667393 -9.436296148463311 53.208565928914574 116 83 83 1.0483235245385882 4 584 2 476 1 630
454 -11.428732491011745 6.277478637296422 30.41055605635863 149 166 174 1.2656707259486542 1 294 2 497
455 -10.664738932384473 0.08247803922972333 28.414556685756377 147 166 175 1.1293914847242605 1 610 2 547 3 417
456 -10.664023642587107 -2.4953708490603805 28.032316338451476 148 175 184 1.2387375536208352 1 830 2 570 3 1018
458 -10.57600869613096 -2.4334184918832173 28.10543629550261 179 206 215 1.184248221578585 4 1229 2 577 3 1698
459 -11.015568351073869 -0.9126272907889985 28.245693396469914 168 193 200 0.9525607708711611 1 2069 4 1120 2 600
460 -5.698820528049373 -9.667657262612241 58.34256324831555 110 77 88 0.6318962275829613 4 873 2 633 1 672
461 -5.665956042426174 -10.328301921777596 58.13529104050796 106 72 88 0.9657732006690719 4 892 2 641 1 635
462 -6.956289110808824 -9.549921064248673 53.89774660678661 108 76 80 0.3209217017032673 1 625 2 644
463 -5.743469703325308 -8.29447386458305 58.68744031607238 116 77 89 0.8356165150278921 4 1131 2 662 1 846
464 -5.724025270326026 -8.986936344096335 58.52913833497368 111 75 96 0.8045729312610251 4 878 2 675 1 665
465 -11.820721517259482 7.562587500642632 29.41004103236131 185 217 221 0.4361677985595291 4 1012 2 706 3 1669
466 -10.783229123058085 1.3744001360312292 28.42581072311648 162 189 196 0.9089906539453944 1 2004 2 748 3 2917
467 -10.68893289230958 0.9507127544434082 28.118424858824916 184 209 216 0.5681812665175259 4 1158 2 755 3 1318
468 -4.3218497248605 -16.457901272752412 47.71059122836912 81 67 74 0.9039196855529511 4 1001 2 816 1 913
470 6.8389976867301 -16.082980078273444 50.2388636080598 136 153 161 0.7480285790239385 1 1093 2 825
471 8.866178782688493 -16.582592091167452 51.83174108341355 55 63 78 0.18765819051811994 1 714 2 826
472 -8.340539975843644 -1.8090750937101883 29.96387294493697 179 200 205 0.7507273502443287 1 1248 2 842 3 1295
473 -4.376060979604002 -3.811285383484314 59.940228298988195 56 60 81 0.9351242487742919 1 1251 2 864 4 1115
474 -10.541627094077985 0.6370069388050519 28.510309655845088 179 209 217 0.4945559737309495 4 1682 2 891 3 1319
475 -10.663303818518322 -17.84438287684099 64.73130701559418 252 255 255 1.6010800328064463 4 1247 2 920 1 1361
476 -11.188985674734628 -3.998148389451155 27.795770605538056 204 238 248 0.47304440052069263 1 2031 2 966 3 1326
477 -10.47805338104334 -3.7574945943860936 28.726782115482518 190 227 235 1.5460722586465239 2 977 3 1729
478 -9.894988276291931 -3.555374853551341 28.4080252344706 140 159 171 0.49352863809262776 4 1409 2 980 3 1742
480 -9.105594326433824 7.769117902015221 31.23859547241786 58 66 89 0.6564891314208113 4 1584 2 1167 3 1690
481 1.6557808108624736 7.71838386568536 34.66399162877645 162 95 128 0.9382426016593209 1 803 2 1169 4 690
482 -9.862695668940646 7.9419809843056814 31.045039440084146 125 146 147 0.7586273547833096 1 2265 4 1538 2 1188
483 -8.787157450381915 -0.17237247164489677 29.97384175574793 153 170 175 1.4190081940059873 1 855 2 1197 3 1314
484 -10.450141173279555 -4.137920820782446 28.22074610720635 154 183 191 0.47724068510178075 1 1009 2 1246 3 1404
485 -11.248266339486777 -3.762770729289394 27.708631107546612 186 220 230 1.115662411623523 4 2703 2 1258 3 3145
488 -8.923951384647825 0.24180278961492535 29.678049034757123 138 159 160 0.5938015000511312 4 1179 2 1277 3 1765
489 23.189624746415898 3.0188323155303722 45.47857195693259 98 112 125 0.012073119113360498 4 3154 2 1298
490 -11.110344971141135 -1.716771773813533 28.30271830802279 153 171 175 1.3239011881382414 4 1819 2 1309 3 1706
491 -8.660904603942946 -1.8561733710829662 29.97112458638679 112 130 140 1.5247313395224555 1 871 4 1259 2 1323
492 -8.88317303576505 -0.7212782896964369 29.8430533384539 163 185 195 1.7841464683249333 4 793 3 646
493 -16.323719196004205 -15.633035713883837 45.823937254869705 239 253 249 0.9790893021755573 1 687 4 968
494 -9.618162673040262 -4.11322604603156 28.65235308120961 134 124 130 1.837565014500081 4 2708 2 1372 3 2165
495 -4.513440742937897 -16.593869466124623 57.16998902129499 95 110 121 1.8964732040957664 1 1376 2 1418 4 1966
496 -9.067787571251197 -6.083809343215206 27.74955404192395 70 68 84 0.5186799197477583 4 1343 2 1426 3 1349
497 -9.381538892027754 -5.815979082840411 27.567232934133692 99 88 96 0.662098653150506 4 2085 2 1433 3 2069
498 -9.414783458834897 -5.593164717534881 27.58470831323163 140 128 132 0.6142649238695717 1 3078 4 1336 2 1437 3 2775
500 11.005042649192996 -16.09681881126344 45.9411180240618 147 166 169 2.843878628768082 1 1499 2 1449
501 -9.237352840567013 -5.521255476739714 27.695126471246144 106 89 95 0.5790105906466759 4 2092 2 1455 3 2007
502 4.283031326585316 -16.432272753918404 49.58643041728079 115 129 138 1.0396144189126046 1 712 4 1271 2 1458
503 7.673054290425522 -16.46110508512372 50.52202070624931 76 95 102 1.9659444427829562 1 1099 2 1462 4 1267
504 -6.887856918515514 -17.180715093628663 57.03874559596663 109 125 129 0.09609170507626474 1 1405 2 1469
506 -8.541244233250628 8.689203144862876 29.34811937157035 138 160 167 0.703160471664314 4 3126 2 1477 3 2166
507 -10.09959393279887 0.6496865808812083 29.01036745091513 143 160 170 0.7172228514287543 4 1905 2 1644 3 1755
508 -10.401169681529305 0.991197683117287 28.234949463388485 189 218 225 0.5587782695359361 1 1934 2 1655 3 2217
509 -10.276354888775636 6.711404966720115 31.29612790086903 153 175 186 0.8642147839628347 1 1184 2 1671
510 -8.318349474716234 -3.9026355755286883 29.785377539774125 102 130 141 2.20149070381355 1 2023 2 1745
511 -9.615045791876247 -3.345215439423 28.517918796986866 150 177 184 0.6300605099973956 4 2685 2 1749 3 1753
512 -10.704920321140488 -3.2143592334603106 27.925882916773144 148 178 186 0.19672646312174225 4 1314 2 1752 3 1919
513 -5.558223719793283 -8.405879825025806 59.0109467824176 115 136 137 0.11939835051215975 4 2710 2 1774
514 -7.830425611051433 -4.117036340883957 66.98115779684635 81 99 103 0.972015369596994 1 2104 2 1795
515 -9.488256974941274 4.584365508136151 31.330756249509893 116 112 113 1.2515858255151675 4 3215 2 1799 3 2417
516 -18.625531642354044 -17.42917923497024 59.24371018085809 132 150 152 2.748976940262549 4 2906 2 1857 3 1997
517 -9.082618617233537 -6.234957532844568 27.684087170295545 84 74 82 0.5403826934853494 4 2065 2 1895 3 1347
518 -5.526960672630703 -9.721012553478438 58.69565845891212 113 134 131 1.3547635416052903 4 1308 2 1904 1 2045
519 -4.7611155433689465 -16.699965653704552 57.13044804591542 88 63 81 1.5036454376536128 4 2826 2 1909 1 2564
520 -13.752600350222167 -11.170358673275329 40.54211457472627 69 84 97 0.1375559122963843 1 2440 2 1913
521 -9.055382008569 4.413001936065427 30.929075252294382 144 166 171 0.6664938309132906 4 2345 2 1941
522 -10.533374347571671 0.8352188701632138 28.36271340529822 185 214 220 1.104432801516147 4 2443 2 1964 3 2215
523 -8.867151197539815 1.1336237293824514 29.367992590355346 176 196 200 0.5597861982706812 4 3322 2 1972 3 2304
524 -8.906559072912474 1.192631973223834 29.30549167391952 118 118 123 0.699958154458312 4 1703 2 1975 3 653
525 -8.955597684788035 4.144411318231851 31.948505357321107 153 172 178 1.094605078204816 1 2868 4 1780
526 -10.579455149200124 4.223637327723893 29.933928146067583 54 71 92 0.43999464108263403 4 2281 2 2050 3 1585
527 -10.197455638254098 -1.1349820664843426 20.22312153283181 149 184 203 1.0743438040552948 1 3056 2 2060
528 -8.780157851663647 0.30052072448858275 29.614041288123506 151 173 179 0.7456431013766158 1 1960 2 2123 3 2208
530 -10.388372225831358 8.03013878993404 31.486950310269826 87 102 109 0.9208720015061423 1 1146 2 2257 3 2172
531 -4.992341293275144 -16.562912388639287 46.71024093651019 69 57 62 1.3750685187581055 1 1577 4 2502 2 2332
532 -16.909203924274443 -15.72604770819376 45.67556444455226 58 66 85 0.9731043369905041 1 2839 2 2361 4 2989 3 2434
534 -3.2899564920865654 -16.075597298087768 45.160968548718714 101 98 99 1.3428250437645384 1 1585 4 2576 2 2366
535 -5.546888091503042 8.372112896815931 31.521582523490018 168 187 194 0.7838905837279878 4 2141 2 2438 3 2191
536 -9.051004473510869 0.37340945024866184 29.698775625635296 150 175 180 0.9121270220738645 4 1689 2 2480 3 2209
537 -8.95471049586492 0.3415873003040219 29.719899493359083 176 195 202 0.8885623047299513 4 3370 2 2488 3 2210 1 1964
538 7.806471632562301 -16.230132273146744 50.067550449771055 121 134 143 0.659769221563613 1 1591 2 2552
539 8.875282986200958 -16.49971740918964 52.04032447258163 110 119 122 0.15492953219780736 1 3018 2 2557
541 -6.431465722726886 -8.361304222261513 54.87269843432259 112 127 120 0.4219713272024961 1 3086 2 2597
